ISO-10303-21;
HEADER;
/* Generated by software containing ST-Developer
 * from STEP Tools, Inc. (www.steptools.com) 
 */
/* OPTION: using custom schema-name function */

FILE_DESCRIPTION(
/* description */ (''),
/* implementation_level */ '2;1');

FILE_NAME(
/* name */ 'TP',
/* time_stamp */ '2017-11-07T10:28:27-06:00',
/* author */ (''),
/* organization */ (''),
/* preprocessor_version */ 'ST-DEVELOPER v15',
/* originating_system */ '',
/* authorisation */ '');

FILE_SCHEMA (('AUTOMOTIVE_DESIGN'));
ENDSEC;

DATA;
#10=SHAPE_REPRESENTATION_RELATIONSHIP('','',#646,#546);
#11=SHAPE_REPRESENTATION_RELATIONSHIP('','',#646,#78);
#12=VECTOR('',#692,200.);
#13=LINE('',#2741,#12);
#14=COLOUR_RGB('',0.784313725490196,0.,0.);
#15=COLOUR_RGB('',0.784313725490196,0.,0.);
#16=COLOUR_RGB('',0.784313725490196,0.,0.);
#17=COLOUR_RGB('',0.784313725490196,0.,0.);
#18=COLOUR_RGB('',0.784313725490196,0.,0.);
#19=COLOUR_RGB('',0.784313725490196,0.,0.);
#20=COLOUR_RGB('',0.862745098039216,0.862745098039216,0.862745098039216);
#21=FILL_AREA_STYLE_COLOUR('',#14);
#22=FILL_AREA_STYLE_COLOUR('',#15);
#23=FILL_AREA_STYLE_COLOUR('',#16);
#24=FILL_AREA_STYLE_COLOUR('',#17);
#25=FILL_AREA_STYLE_COLOUR('',#18);
#26=FILL_AREA_STYLE_COLOUR('',#19);
#27=FILL_AREA_STYLE_COLOUR('',#20);
#28=FILL_AREA_STYLE('',(#21));
#29=FILL_AREA_STYLE('',(#22));
#30=FILL_AREA_STYLE('',(#23));
#31=FILL_AREA_STYLE('',(#24));
#32=FILL_AREA_STYLE('',(#25));
#33=FILL_AREA_STYLE('',(#26));
#34=FILL_AREA_STYLE('',(#27));
#35=SURFACE_STYLE_FILL_AREA(#28);
#36=SURFACE_STYLE_FILL_AREA(#29);
#37=SURFACE_STYLE_FILL_AREA(#30);
#38=SURFACE_STYLE_FILL_AREA(#31);
#39=SURFACE_STYLE_FILL_AREA(#32);
#40=SURFACE_STYLE_FILL_AREA(#33);
#41=SURFACE_STYLE_FILL_AREA(#34);
#42=SURFACE_SIDE_STYLE('',(#35));
#43=SURFACE_SIDE_STYLE('',(#36));
#44=SURFACE_SIDE_STYLE('',(#37));
#45=SURFACE_SIDE_STYLE('',(#38));
#46=SURFACE_SIDE_STYLE('',(#39));
#47=SURFACE_SIDE_STYLE('',(#40));
#48=SURFACE_SIDE_STYLE('',(#41));
#49=SURFACE_STYLE_USAGE(.BOTH.,#42);
#50=SURFACE_STYLE_USAGE(.BOTH.,#43);
#51=SURFACE_STYLE_USAGE(.BOTH.,#44);
#52=SURFACE_STYLE_USAGE(.BOTH.,#45);
#53=SURFACE_STYLE_USAGE(.BOTH.,#46);
#54=SURFACE_STYLE_USAGE(.BOTH.,#47);
#55=SURFACE_STYLE_USAGE(.BOTH.,#48);
#56=MECHANICAL_DESIGN_GEOMETRIC_PRESENTATION_REPRESENTATION('',(#64,#65,
#66,#67,#68,#69,#70),#645);
#57=PRESENTATION_STYLE_ASSIGNMENT((#49));
#58=PRESENTATION_STYLE_ASSIGNMENT((#50));
#59=PRESENTATION_STYLE_ASSIGNMENT((#51));
#60=PRESENTATION_STYLE_ASSIGNMENT((#52));
#61=PRESENTATION_STYLE_ASSIGNMENT((#53));
#62=PRESENTATION_STYLE_ASSIGNMENT((#54));
#63=PRESENTATION_STYLE_ASSIGNMENT((#55));
#64=STYLED_ITEM('',(#57),#71);
#65=STYLED_ITEM('',(#58),#72);
#66=STYLED_ITEM('',(#59),#73);
#67=STYLED_ITEM('',(#60),#74);
#68=STYLED_ITEM('',(#61),#75);
#69=STYLED_ITEM('',(#62),#76);
#70=STYLED_ITEM('',(#63),#77);
#71=MANIFOLD_SOLID_BREP('brep_1',#79);
#72=MANIFOLD_SOLID_BREP('brep_2',#80);
#73=MANIFOLD_SOLID_BREP('brep_3',#81);
#74=MANIFOLD_SOLID_BREP('brep_4',#82);
#75=MANIFOLD_SOLID_BREP('brep_5',#83);
#76=MANIFOLD_SOLID_BREP('brep_6',#84);
#77=MANIFOLD_SOLID_BREP('brep_7',#85);
#78=ADVANCED_BREP_SHAPE_REPRESENTATION('brep_rep_0',(#71,#72,#73,#74,#75,
#76,#77,#669),#645);
#79=CLOSED_SHELL('',(#86,#87,#88,#89,#90,#91));
#80=CLOSED_SHELL('',(#92,#93,#94,#95,#96,#97));
#81=CLOSED_SHELL('',(#98,#99,#100,#101,#102,#103));
#82=CLOSED_SHELL('',(#104,#105,#106,#107,#108,#109));
#83=CLOSED_SHELL('',(#110,#111,#112,#113,#114,#115));
#84=CLOSED_SHELL('',(#116,#117,#118,#119,#120,#121));
#85=CLOSED_SHELL('',(#122,#123,#124,#125));
#86=ADVANCED_FACE('',(#126),#537,.T.);
#87=ADVANCED_FACE('',(#127),#517,.T.);
#88=ADVANCED_FACE('',(#128),#518,.T.);
#89=ADVANCED_FACE('',(#129),#538,.T.);
#90=ADVANCED_FACE('',(#130),#505,.T.);
#91=ADVANCED_FACE('',(#131),#506,.T.);
#92=ADVANCED_FACE('',(#132),#539,.T.);
#93=ADVANCED_FACE('',(#133),#519,.T.);
#94=ADVANCED_FACE('',(#134),#520,.T.);
#95=ADVANCED_FACE('',(#135),#540,.T.);
#96=ADVANCED_FACE('',(#136),#507,.T.);
#97=ADVANCED_FACE('',(#137),#508,.T.);
#98=ADVANCED_FACE('',(#138),#541,.T.);
#99=ADVANCED_FACE('',(#139),#521,.T.);
#100=ADVANCED_FACE('',(#140),#522,.T.);
#101=ADVANCED_FACE('',(#141),#542,.T.);
#102=ADVANCED_FACE('',(#142),#509,.T.);
#103=ADVANCED_FACE('',(#143),#510,.T.);
#104=ADVANCED_FACE('',(#144),#543,.T.);
#105=ADVANCED_FACE('',(#145),#523,.T.);
#106=ADVANCED_FACE('',(#146),#524,.T.);
#107=ADVANCED_FACE('',(#147),#544,.T.);
#108=ADVANCED_FACE('',(#148),#511,.T.);
#109=ADVANCED_FACE('',(#149),#512,.T.);
#110=ADVANCED_FACE('',(#150),#525,.T.);
#111=ADVANCED_FACE('',(#151),#526,.T.);
#112=ADVANCED_FACE('',(#152),#527,.T.);
#113=ADVANCED_FACE('',(#153),#528,.T.);
#114=ADVANCED_FACE('',(#154),#529,.T.);
#115=ADVANCED_FACE('',(#155),#530,.T.);
#116=ADVANCED_FACE('',(#156),#531,.T.);
#117=ADVANCED_FACE('',(#157),#532,.T.);
#118=ADVANCED_FACE('',(#158),#533,.T.);
#119=ADVANCED_FACE('',(#159),#534,.T.);
#120=ADVANCED_FACE('',(#160),#535,.T.);
#121=ADVANCED_FACE('',(#161),#536,.T.);
#122=ADVANCED_FACE('',(#162),#513,.T.);
#123=ADVANCED_FACE('',(#163),#514,.T.);
#124=ADVANCED_FACE('',(#164),#515,.T.);
#125=ADVANCED_FACE('',(#165),#516,.T.);
#126=FACE_OUTER_BOUND('',#166,.T.);
#127=FACE_OUTER_BOUND('',#167,.T.);
#128=FACE_OUTER_BOUND('',#168,.T.);
#129=FACE_OUTER_BOUND('',#169,.T.);
#130=FACE_OUTER_BOUND('',#170,.T.);
#131=FACE_OUTER_BOUND('',#171,.T.);
#132=FACE_OUTER_BOUND('',#172,.T.);
#133=FACE_OUTER_BOUND('',#173,.T.);
#134=FACE_OUTER_BOUND('',#174,.T.);
#135=FACE_OUTER_BOUND('',#175,.T.);
#136=FACE_OUTER_BOUND('',#176,.T.);
#137=FACE_OUTER_BOUND('',#177,.T.);
#138=FACE_OUTER_BOUND('',#178,.T.);
#139=FACE_OUTER_BOUND('',#179,.T.);
#140=FACE_OUTER_BOUND('',#180,.T.);
#141=FACE_OUTER_BOUND('',#181,.T.);
#142=FACE_OUTER_BOUND('',#182,.T.);
#143=FACE_OUTER_BOUND('',#183,.T.);
#144=FACE_OUTER_BOUND('',#184,.T.);
#145=FACE_OUTER_BOUND('',#185,.T.);
#146=FACE_OUTER_BOUND('',#186,.T.);
#147=FACE_OUTER_BOUND('',#187,.T.);
#148=FACE_OUTER_BOUND('',#188,.T.);
#149=FACE_OUTER_BOUND('',#189,.T.);
#150=FACE_OUTER_BOUND('',#190,.T.);
#151=FACE_OUTER_BOUND('',#191,.T.);
#152=FACE_OUTER_BOUND('',#192,.T.);
#153=FACE_OUTER_BOUND('',#193,.T.);
#154=FACE_OUTER_BOUND('',#194,.T.);
#155=FACE_OUTER_BOUND('',#195,.T.);
#156=FACE_OUTER_BOUND('',#196,.T.);
#157=FACE_OUTER_BOUND('',#197,.T.);
#158=FACE_OUTER_BOUND('',#198,.T.);
#159=FACE_OUTER_BOUND('',#199,.T.);
#160=FACE_OUTER_BOUND('',#200,.T.);
#161=FACE_OUTER_BOUND('',#201,.T.);
#162=FACE_OUTER_BOUND('',#202,.T.);
#163=FACE_OUTER_BOUND('',#203,.T.);
#164=FACE_OUTER_BOUND('',#204,.T.);
#165=FACE_OUTER_BOUND('',#205,.T.);
#166=EDGE_LOOP('',(#206,#207,#208,#209,#210,#211,#212,#213));
#167=EDGE_LOOP('',(#214,#215));
#168=EDGE_LOOP('',(#216,#217));
#169=EDGE_LOOP('',(#218,#219,#220,#221));
#170=EDGE_LOOP('',(#222,#223,#224,#225));
#171=EDGE_LOOP('',(#226,#227,#228,#229));
#172=EDGE_LOOP('',(#230,#231,#232,#233,#234,#235,#236,#237));
#173=EDGE_LOOP('',(#238,#239));
#174=EDGE_LOOP('',(#240,#241));
#175=EDGE_LOOP('',(#242,#243,#244,#245));
#176=EDGE_LOOP('',(#246,#247,#248,#249));
#177=EDGE_LOOP('',(#250,#251,#252,#253));
#178=EDGE_LOOP('',(#254,#255,#256,#257,#258,#259,#260,#261));
#179=EDGE_LOOP('',(#262,#263));
#180=EDGE_LOOP('',(#264,#265));
#181=EDGE_LOOP('',(#266,#267,#268,#269));
#182=EDGE_LOOP('',(#270,#271,#272,#273));
#183=EDGE_LOOP('',(#274,#275,#276,#277));
#184=EDGE_LOOP('',(#278,#279,#280,#281,#282,#283,#284,#285));
#185=EDGE_LOOP('',(#286,#287));
#186=EDGE_LOOP('',(#288,#289));
#187=EDGE_LOOP('',(#290,#291,#292,#293));
#188=EDGE_LOOP('',(#294,#295,#296,#297));
#189=EDGE_LOOP('',(#298,#299,#300,#301));
#190=EDGE_LOOP('',(#302,#303,#304,#305));
#191=EDGE_LOOP('',(#306,#307,#308,#309));
#192=EDGE_LOOP('',(#310,#311,#312,#313));
#193=EDGE_LOOP('',(#314,#315,#316,#317));
#194=EDGE_LOOP('',(#318,#319,#320,#321));
#195=EDGE_LOOP('',(#322,#323,#324,#325));
#196=EDGE_LOOP('',(#326,#327,#328,#329));
#197=EDGE_LOOP('',(#330,#331,#332,#333));
#198=EDGE_LOOP('',(#334,#335,#336,#337));
#199=EDGE_LOOP('',(#338,#339,#340,#341));
#200=EDGE_LOOP('',(#342,#343,#344,#345));
#201=EDGE_LOOP('',(#346,#347,#348,#349));
#202=EDGE_LOOP('',(#350,#351,#352));
#203=EDGE_LOOP('',(#353,#354,#355));
#204=EDGE_LOOP('',(#356,#357,#358));
#205=EDGE_LOOP('',(#359,#360,#361));
#206=ORIENTED_EDGE('',*,*,#373,.F.);
#207=ORIENTED_EDGE('',*,*,#363,.F.);
#208=ORIENTED_EDGE('',*,*,#368,.F.);
#209=ORIENTED_EDGE('',*,*,#364,.F.);
#210=ORIENTED_EDGE('',*,*,#369,.F.);
#211=ORIENTED_EDGE('',*,*,#362,.T.);
#212=ORIENTED_EDGE('',*,*,#371,.F.);
#213=ORIENTED_EDGE('',*,*,#365,.T.);
#214=ORIENTED_EDGE('',*,*,#370,.T.);
#215=ORIENTED_EDGE('',*,*,#364,.T.);
#216=ORIENTED_EDGE('',*,*,#365,.F.);
#217=ORIENTED_EDGE('',*,*,#372,.F.);
#218=ORIENTED_EDGE('',*,*,#363,.T.);
#219=ORIENTED_EDGE('',*,*,#367,.T.);
#220=ORIENTED_EDGE('',*,*,#362,.F.);
#221=ORIENTED_EDGE('',*,*,#366,.F.);
#222=ORIENTED_EDGE('',*,*,#366,.T.);
#223=ORIENTED_EDGE('',*,*,#369,.T.);
#224=ORIENTED_EDGE('',*,*,#370,.F.);
#225=ORIENTED_EDGE('',*,*,#368,.T.);
#226=ORIENTED_EDGE('',*,*,#373,.T.);
#227=ORIENTED_EDGE('',*,*,#372,.T.);
#228=ORIENTED_EDGE('',*,*,#371,.T.);
#229=ORIENTED_EDGE('',*,*,#367,.F.);
#230=ORIENTED_EDGE('',*,*,#377,.F.);
#231=ORIENTED_EDGE('',*,*,#383,.T.);
#232=ORIENTED_EDGE('',*,*,#374,.F.);
#233=ORIENTED_EDGE('',*,*,#381,.T.);
#234=ORIENTED_EDGE('',*,*,#376,.T.);
#235=ORIENTED_EDGE('',*,*,#380,.T.);
#236=ORIENTED_EDGE('',*,*,#375,.T.);
#237=ORIENTED_EDGE('',*,*,#385,.T.);
#238=ORIENTED_EDGE('',*,*,#376,.F.);
#239=ORIENTED_EDGE('',*,*,#382,.F.);
#240=ORIENTED_EDGE('',*,*,#384,.T.);
#241=ORIENTED_EDGE('',*,*,#377,.T.);
#242=ORIENTED_EDGE('',*,*,#378,.T.);
#243=ORIENTED_EDGE('',*,*,#374,.T.);
#244=ORIENTED_EDGE('',*,*,#379,.F.);
#245=ORIENTED_EDGE('',*,*,#375,.F.);
#246=ORIENTED_EDGE('',*,*,#380,.F.);
#247=ORIENTED_EDGE('',*,*,#382,.T.);
#248=ORIENTED_EDGE('',*,*,#381,.F.);
#249=ORIENTED_EDGE('',*,*,#378,.F.);
#250=ORIENTED_EDGE('',*,*,#379,.T.);
#251=ORIENTED_EDGE('',*,*,#383,.F.);
#252=ORIENTED_EDGE('',*,*,#384,.F.);
#253=ORIENTED_EDGE('',*,*,#385,.F.);
#254=ORIENTED_EDGE('',*,*,#397,.F.);
#255=ORIENTED_EDGE('',*,*,#387,.F.);
#256=ORIENTED_EDGE('',*,*,#392,.F.);
#257=ORIENTED_EDGE('',*,*,#388,.F.);
#258=ORIENTED_EDGE('',*,*,#393,.F.);
#259=ORIENTED_EDGE('',*,*,#386,.T.);
#260=ORIENTED_EDGE('',*,*,#395,.F.);
#261=ORIENTED_EDGE('',*,*,#389,.T.);
#262=ORIENTED_EDGE('',*,*,#394,.T.);
#263=ORIENTED_EDGE('',*,*,#388,.T.);
#264=ORIENTED_EDGE('',*,*,#389,.F.);
#265=ORIENTED_EDGE('',*,*,#396,.F.);
#266=ORIENTED_EDGE('',*,*,#387,.T.);
#267=ORIENTED_EDGE('',*,*,#391,.T.);
#268=ORIENTED_EDGE('',*,*,#386,.F.);
#269=ORIENTED_EDGE('',*,*,#390,.F.);
#270=ORIENTED_EDGE('',*,*,#390,.T.);
#271=ORIENTED_EDGE('',*,*,#393,.T.);
#272=ORIENTED_EDGE('',*,*,#394,.F.);
#273=ORIENTED_EDGE('',*,*,#392,.T.);
#274=ORIENTED_EDGE('',*,*,#397,.T.);
#275=ORIENTED_EDGE('',*,*,#396,.T.);
#276=ORIENTED_EDGE('',*,*,#395,.T.);
#277=ORIENTED_EDGE('',*,*,#391,.F.);
#278=ORIENTED_EDGE('',*,*,#401,.F.);
#279=ORIENTED_EDGE('',*,*,#407,.T.);
#280=ORIENTED_EDGE('',*,*,#398,.F.);
#281=ORIENTED_EDGE('',*,*,#405,.T.);
#282=ORIENTED_EDGE('',*,*,#400,.T.);
#283=ORIENTED_EDGE('',*,*,#404,.T.);
#284=ORIENTED_EDGE('',*,*,#399,.T.);
#285=ORIENTED_EDGE('',*,*,#409,.T.);
#286=ORIENTED_EDGE('',*,*,#400,.F.);
#287=ORIENTED_EDGE('',*,*,#406,.F.);
#288=ORIENTED_EDGE('',*,*,#408,.T.);
#289=ORIENTED_EDGE('',*,*,#401,.T.);
#290=ORIENTED_EDGE('',*,*,#402,.T.);
#291=ORIENTED_EDGE('',*,*,#398,.T.);
#292=ORIENTED_EDGE('',*,*,#403,.F.);
#293=ORIENTED_EDGE('',*,*,#399,.F.);
#294=ORIENTED_EDGE('',*,*,#404,.F.);
#295=ORIENTED_EDGE('',*,*,#406,.T.);
#296=ORIENTED_EDGE('',*,*,#405,.F.);
#297=ORIENTED_EDGE('',*,*,#402,.F.);
#298=ORIENTED_EDGE('',*,*,#403,.T.);
#299=ORIENTED_EDGE('',*,*,#407,.F.);
#300=ORIENTED_EDGE('',*,*,#408,.F.);
#301=ORIENTED_EDGE('',*,*,#409,.F.);
#302=ORIENTED_EDGE('',*,*,#410,.T.);
#303=ORIENTED_EDGE('',*,*,#411,.T.);
#304=ORIENTED_EDGE('',*,*,#412,.F.);
#305=ORIENTED_EDGE('',*,*,#413,.F.);
#306=ORIENTED_EDGE('',*,*,#414,.T.);
#307=ORIENTED_EDGE('',*,*,#415,.T.);
#308=ORIENTED_EDGE('',*,*,#416,.F.);
#309=ORIENTED_EDGE('',*,*,#411,.F.);
#310=ORIENTED_EDGE('',*,*,#417,.T.);
#311=ORIENTED_EDGE('',*,*,#418,.T.);
#312=ORIENTED_EDGE('',*,*,#419,.F.);
#313=ORIENTED_EDGE('',*,*,#415,.F.);
#314=ORIENTED_EDGE('',*,*,#420,.T.);
#315=ORIENTED_EDGE('',*,*,#413,.T.);
#316=ORIENTED_EDGE('',*,*,#421,.F.);
#317=ORIENTED_EDGE('',*,*,#418,.F.);
#318=ORIENTED_EDGE('',*,*,#420,.F.);
#319=ORIENTED_EDGE('',*,*,#417,.F.);
#320=ORIENTED_EDGE('',*,*,#414,.F.);
#321=ORIENTED_EDGE('',*,*,#410,.F.);
#322=ORIENTED_EDGE('',*,*,#412,.T.);
#323=ORIENTED_EDGE('',*,*,#416,.T.);
#324=ORIENTED_EDGE('',*,*,#419,.T.);
#325=ORIENTED_EDGE('',*,*,#421,.T.);
#326=ORIENTED_EDGE('',*,*,#422,.T.);
#327=ORIENTED_EDGE('',*,*,#423,.T.);
#328=ORIENTED_EDGE('',*,*,#424,.F.);
#329=ORIENTED_EDGE('',*,*,#425,.F.);
#330=ORIENTED_EDGE('',*,*,#426,.T.);
#331=ORIENTED_EDGE('',*,*,#427,.T.);
#332=ORIENTED_EDGE('',*,*,#428,.F.);
#333=ORIENTED_EDGE('',*,*,#423,.F.);
#334=ORIENTED_EDGE('',*,*,#429,.T.);
#335=ORIENTED_EDGE('',*,*,#430,.T.);
#336=ORIENTED_EDGE('',*,*,#431,.F.);
#337=ORIENTED_EDGE('',*,*,#427,.F.);
#338=ORIENTED_EDGE('',*,*,#432,.T.);
#339=ORIENTED_EDGE('',*,*,#425,.T.);
#340=ORIENTED_EDGE('',*,*,#433,.F.);
#341=ORIENTED_EDGE('',*,*,#430,.F.);
#342=ORIENTED_EDGE('',*,*,#432,.F.);
#343=ORIENTED_EDGE('',*,*,#429,.F.);
#344=ORIENTED_EDGE('',*,*,#426,.F.);
#345=ORIENTED_EDGE('',*,*,#422,.F.);
#346=ORIENTED_EDGE('',*,*,#424,.T.);
#347=ORIENTED_EDGE('',*,*,#428,.T.);
#348=ORIENTED_EDGE('',*,*,#431,.T.);
#349=ORIENTED_EDGE('',*,*,#433,.T.);
#350=ORIENTED_EDGE('',*,*,#437,.T.);
#351=ORIENTED_EDGE('',*,*,#435,.F.);
#352=ORIENTED_EDGE('',*,*,#436,.T.);
#353=ORIENTED_EDGE('',*,*,#439,.T.);
#354=ORIENTED_EDGE('',*,*,#436,.F.);
#355=ORIENTED_EDGE('',*,*,#434,.F.);
#356=ORIENTED_EDGE('',*,*,#438,.T.);
#357=ORIENTED_EDGE('',*,*,#435,.T.);
#358=ORIENTED_EDGE('',*,*,#437,.F.);
#359=ORIENTED_EDGE('',*,*,#434,.T.);
#360=ORIENTED_EDGE('',*,*,#438,.F.);
#361=ORIENTED_EDGE('',*,*,#439,.F.);
#362=EDGE_CURVE('',#454,#453,#561,.T.);
#363=EDGE_CURVE('',#456,#455,#562,.T.);
#364=EDGE_CURVE('',#458,#457,#563,.T.);
#365=EDGE_CURVE('',#460,#459,#564,.T.);
#366=EDGE_CURVE('',#456,#454,#565,.T.);
#367=EDGE_CURVE('',#455,#453,#566,.T.);
#368=EDGE_CURVE('',#457,#456,#567,.T.);
#369=EDGE_CURVE('',#454,#458,#568,.T.);
#370=EDGE_CURVE('',#457,#458,#440,.T.);
#371=EDGE_CURVE('',#460,#453,#569,.T.);
#372=EDGE_CURVE('',#459,#460,#441,.T.);
#373=EDGE_CURVE('',#455,#459,#570,.T.);
#374=EDGE_CURVE('',#462,#461,#571,.T.);
#375=EDGE_CURVE('',#464,#463,#572,.T.);
#376=EDGE_CURVE('',#466,#465,#573,.T.);
#377=EDGE_CURVE('',#468,#467,#574,.T.);
#378=EDGE_CURVE('',#464,#462,#575,.T.);
#379=EDGE_CURVE('',#463,#461,#576,.T.);
#380=EDGE_CURVE('',#465,#464,#577,.T.);
#381=EDGE_CURVE('',#462,#466,#578,.T.);
#382=EDGE_CURVE('',#465,#466,#442,.T.);
#383=EDGE_CURVE('',#468,#461,#579,.T.);
#384=EDGE_CURVE('',#467,#468,#443,.T.);
#385=EDGE_CURVE('',#463,#467,#580,.T.);
#386=EDGE_CURVE('',#470,#469,#581,.T.);
#387=EDGE_CURVE('',#472,#471,#582,.T.);
#388=EDGE_CURVE('',#474,#473,#583,.T.);
#389=EDGE_CURVE('',#476,#475,#584,.T.);
#390=EDGE_CURVE('',#472,#470,#585,.T.);
#391=EDGE_CURVE('',#471,#469,#586,.T.);
#392=EDGE_CURVE('',#473,#472,#587,.T.);
#393=EDGE_CURVE('',#470,#474,#588,.T.);
#394=EDGE_CURVE('',#473,#474,#444,.T.);
#395=EDGE_CURVE('',#476,#469,#589,.T.);
#396=EDGE_CURVE('',#475,#476,#445,.T.);
#397=EDGE_CURVE('',#471,#475,#590,.T.);
#398=EDGE_CURVE('',#478,#477,#591,.T.);
#399=EDGE_CURVE('',#480,#479,#592,.T.);
#400=EDGE_CURVE('',#482,#481,#593,.T.);
#401=EDGE_CURVE('',#484,#483,#594,.T.);
#402=EDGE_CURVE('',#480,#478,#595,.T.);
#403=EDGE_CURVE('',#479,#477,#596,.T.);
#404=EDGE_CURVE('',#481,#480,#597,.T.);
#405=EDGE_CURVE('',#478,#482,#598,.T.);
#406=EDGE_CURVE('',#481,#482,#446,.T.);
#407=EDGE_CURVE('',#484,#477,#599,.T.);
#408=EDGE_CURVE('',#483,#484,#447,.T.);
#409=EDGE_CURVE('',#479,#483,#600,.T.);
#410=EDGE_CURVE('',#485,#486,#602,.T.);
#411=EDGE_CURVE('',#486,#487,#603,.T.);
#412=EDGE_CURVE('',#488,#487,#604,.T.);
#413=EDGE_CURVE('',#485,#488,#605,.T.);
#414=EDGE_CURVE('',#486,#489,#606,.T.);
#415=EDGE_CURVE('',#489,#490,#607,.T.);
#416=EDGE_CURVE('',#487,#490,#608,.T.);
#417=EDGE_CURVE('',#489,#491,#609,.T.);
#418=EDGE_CURVE('',#491,#492,#610,.T.);
#419=EDGE_CURVE('',#490,#492,#611,.T.);
#420=EDGE_CURVE('',#491,#485,#612,.T.);
#421=EDGE_CURVE('',#492,#488,#613,.T.);
#422=EDGE_CURVE('',#493,#494,#614,.T.);
#423=EDGE_CURVE('',#494,#495,#615,.T.);
#424=EDGE_CURVE('',#496,#495,#616,.T.);
#425=EDGE_CURVE('',#493,#496,#617,.T.);
#426=EDGE_CURVE('',#494,#497,#618,.T.);
#427=EDGE_CURVE('',#497,#498,#619,.T.);
#428=EDGE_CURVE('',#495,#498,#620,.T.);
#429=EDGE_CURVE('',#497,#499,#621,.T.);
#430=EDGE_CURVE('',#499,#500,#622,.T.);
#431=EDGE_CURVE('',#498,#500,#623,.T.);
#432=EDGE_CURVE('',#499,#493,#624,.T.);
#433=EDGE_CURVE('',#500,#496,#625,.T.);
#434=EDGE_CURVE('',#501,#503,#626,.T.);
#435=EDGE_CURVE('',#503,#502,#448,.T.);
#436=EDGE_CURVE('',#503,#504,#449,.T.);
#437=EDGE_CURVE('',#504,#502,#450,.T.);
#438=EDGE_CURVE('',#504,#503,#451,.T.);
#439=EDGE_CURVE('',#501,#504,#627,.T.);
#440=(
BOUNDED_CURVE()
B_SPLINE_CURVE(3,(#1004,#1005,#1006,#1007,#1008,#1009,#1010,#1011,#1012,
#1013,#1014,#1015,#1016,#1017,#1018,#1019,#1020,#1021,#1022,#1023,#1024,
#1025,#1026,#1027,#1028,#1029,#1030,#1031,#1032,#1033,#1034,#1035,#1036,
#1037,#1038,#1039,#1040,#1041,#1042,#1043,#1044,#1045,#1046,#1047,#1048,
#1049,#1050,#1051,#1052),.UNSPECIFIED.,.F.,.F.)
B_SPLINE_CURVE_WITH_KNOTS((4,3,3,3,3,3,3,3,3,3,3,3,3,3,3,3,4),(0.661215874091894,
4.07901508627047,4.91976064216781,5.36385861021559,5.48894928439649,5.55149462148694,
5.61403995857739,5.67521588345626,5.73639180833513,5.79756773321399,5.85874365809286,
6.26508559916171,6.46825656969613,6.67142754023055,7.07570161741752,7.47997569460449,
8.23076849104114),.UNSPECIFIED.)
CURVE()
GEOMETRIC_REPRESENTATION_ITEM()
RATIONAL_B_SPLINE_CURVE((1.,1.,0.999999999999999,0.999999999999999,0.999999999999999,
0.999999999999999,0.999999999999999,1.,1.,1.,0.999999999999999,0.999999999999999,
0.999999999999999,0.999999999999999,1.,1.,1.,1.,1.,1.,1.,1.,1.,1.,1.,1.,
1.,1.,1.,1.,1.,1.,0.999999999999999,1.,1.,1.,1.,1.,1.,1.,0.999999999999999,
0.999999999999999,1.,1.,1.,1.,1.,1.,1.))
REPRESENTATION_ITEM('')
);
#441=(
BOUNDED_CURVE()
B_SPLINE_CURVE(3,(#1073,#1074,#1075,#1076,#1077,#1078,#1079,#1080,#1081,
#1082,#1083,#1084,#1085,#1086,#1087,#1088,#1089,#1090,#1091,#1092,#1093),
 .UNSPECIFIED.,.F.,.F.)
B_SPLINE_CURVE_WITH_KNOTS((4,1,1,3,1,1,1,1,1,1,1,1,1,1,1,1,4),(0.661215874091543,
4.07901508627048,4.91976064216776,5.36385861021559,5.48894928439649,5.55149462148694,
5.61403995857739,5.67521588345627,5.73639180833515,5.79756773321402,5.8587436580929,
6.26508559916174,6.46825656969616,6.67142754023058,7.07570161741755,7.47997569460451,
8.23076849104116),.UNSPECIFIED.)
CURVE()
GEOMETRIC_REPRESENTATION_ITEM()
RATIONAL_B_SPLINE_CURVE((1.,1.,0.999999999999999,0.999999999999999,1.,1.,
1.,0.999999999999999,1.,1.,0.999999999999999,1.,1.,1.,0.999999999999999,
1.,0.999999999999999,1.,0.999999999999999,1.,1.))
REPRESENTATION_ITEM('')
);
#442=(
BOUNDED_CURVE()
B_SPLINE_CURVE(3,(#1410,#1411,#1412,#1413,#1414,#1415,#1416,#1417,#1418,
#1419,#1420,#1421,#1422,#1423,#1424,#1425,#1426,#1427,#1428,#1429,#1430,
#1431,#1432,#1433,#1434,#1435,#1436,#1437,#1438,#1439,#1440,#1441,#1442,
#1443,#1444,#1445,#1446,#1447,#1448,#1449,#1450,#1451,#1452,#1453,#1454,
#1455,#1456,#1457,#1458),.UNSPECIFIED.,.F.,.F.)
B_SPLINE_CURVE_WITH_KNOTS((4,3,3,3,3,3,3,3,3,3,3,3,3,3,3,3,4),(0.661215874091894,
4.07901508627047,4.91976064216781,5.36385861021559,5.48894928439649,5.55149462148694,
5.61403995857739,5.67521588345626,5.73639180833513,5.79756773321399,5.85874365809286,
6.26508559916171,6.46825656969613,6.67142754023055,7.07570161741752,7.47997569460449,
8.23076849104114),.UNSPECIFIED.)
CURVE()
GEOMETRIC_REPRESENTATION_ITEM()
RATIONAL_B_SPLINE_CURVE((1.,1.,0.999999999999999,0.999999999999999,0.999999999999999,
0.999999999999999,0.999999999999999,1.,1.,1.,0.999999999999999,0.999999999999999,
0.999999999999999,0.999999999999999,1.,1.,1.,1.,1.,1.,1.,1.,1.,1.,1.,1.,
1.,1.,1.,1.,1.,1.,0.999999999999999,1.,1.,1.,1.,1.,1.,1.,0.999999999999999,
0.999999999999999,1.,1.,1.,1.,1.,1.,1.))
REPRESENTATION_ITEM('')
);
#443=(
BOUNDED_CURVE()
B_SPLINE_CURVE(3,(#1479,#1480,#1481,#1482,#1483,#1484,#1485,#1486,#1487,
#1488,#1489,#1490,#1491,#1492,#1493,#1494,#1495,#1496,#1497,#1498,#1499),
 .UNSPECIFIED.,.F.,.F.)
B_SPLINE_CURVE_WITH_KNOTS((4,1,1,3,1,1,1,1,1,1,1,1,1,1,1,1,4),(0.661215874091543,
4.07901508627048,4.91976064216776,5.36385861021559,5.48894928439649,5.55149462148694,
5.61403995857739,5.67521588345627,5.73639180833515,5.79756773321402,5.8587436580929,
6.26508559916174,6.46825656969616,6.67142754023058,7.07570161741755,7.47997569460451,
8.23076849104116),.UNSPECIFIED.)
CURVE()
GEOMETRIC_REPRESENTATION_ITEM()
RATIONAL_B_SPLINE_CURVE((1.,1.,0.999999999999999,0.999999999999999,1.,1.,
1.,0.999999999999999,1.,1.,0.999999999999999,1.,1.,1.,0.999999999999999,
1.,0.999999999999999,1.,0.999999999999999,1.,1.))
REPRESENTATION_ITEM('')
);
#444=(
BOUNDED_CURVE()
B_SPLINE_CURVE(3,(#1816,#1817,#1818,#1819,#1820,#1821,#1822,#1823,#1824,
#1825,#1826,#1827,#1828,#1829,#1830,#1831,#1832,#1833,#1834,#1835,#1836,
#1837,#1838,#1839,#1840,#1841,#1842,#1843,#1844,#1845,#1846,#1847,#1848,
#1849,#1850,#1851,#1852,#1853,#1854,#1855,#1856,#1857,#1858,#1859,#1860,
#1861,#1862,#1863,#1864),.UNSPECIFIED.,.F.,.F.)
B_SPLINE_CURVE_WITH_KNOTS((4,3,3,3,3,3,3,3,3,3,3,3,3,3,3,3,4),(0.661215874091894,
4.07901508627047,4.91976064216781,5.36385861021559,5.48894928439649,5.55149462148694,
5.61403995857739,5.67521588345626,5.73639180833513,5.79756773321399,5.85874365809286,
6.26508559916171,6.46825656969613,6.67142754023055,7.07570161741752,7.47997569460449,
8.23076849104114),.UNSPECIFIED.)
CURVE()
GEOMETRIC_REPRESENTATION_ITEM()
RATIONAL_B_SPLINE_CURVE((1.,1.,0.999999999999999,0.999999999999999,0.999999999999999,
0.999999999999999,0.999999999999999,1.,1.,1.,0.999999999999999,0.999999999999999,
0.999999999999999,0.999999999999999,1.,1.,1.,1.,1.,1.,1.,1.,1.,1.,1.,1.,
1.,1.,1.,1.,1.,1.,0.999999999999999,1.,1.,1.,1.,1.,1.,1.,0.999999999999999,
0.999999999999999,1.,1.,1.,1.,1.,1.,1.))
REPRESENTATION_ITEM('')
);
#445=(
BOUNDED_CURVE()
B_SPLINE_CURVE(3,(#1885,#1886,#1887,#1888,#1889,#1890,#1891,#1892,#1893,
#1894,#1895,#1896,#1897,#1898,#1899,#1900,#1901,#1902,#1903,#1904,#1905),
 .UNSPECIFIED.,.F.,.F.)
B_SPLINE_CURVE_WITH_KNOTS((4,1,1,3,1,1,1,1,1,1,1,1,1,1,1,1,4),(0.661215874091543,
4.07901508627048,4.91976064216776,5.36385861021559,5.48894928439649,5.55149462148694,
5.61403995857739,5.67521588345627,5.73639180833515,5.79756773321402,5.8587436580929,
6.26508559916174,6.46825656969616,6.67142754023058,7.07570161741755,7.47997569460451,
8.23076849104116),.UNSPECIFIED.)
CURVE()
GEOMETRIC_REPRESENTATION_ITEM()
RATIONAL_B_SPLINE_CURVE((1.,1.,0.999999999999999,0.999999999999999,1.,1.,
1.,0.999999999999999,1.,1.,0.999999999999999,1.,1.,1.,0.999999999999999,
1.,0.999999999999999,1.,0.999999999999999,1.,1.))
REPRESENTATION_ITEM('')
);
#446=(
BOUNDED_CURVE()
B_SPLINE_CURVE(3,(#2222,#2223,#2224,#2225,#2226,#2227,#2228,#2229,#2230,
#2231,#2232,#2233,#2234,#2235,#2236,#2237,#2238,#2239,#2240,#2241,#2242,
#2243,#2244,#2245,#2246,#2247,#2248,#2249,#2250,#2251,#2252,#2253,#2254,
#2255,#2256,#2257,#2258,#2259,#2260,#2261,#2262,#2263,#2264,#2265,#2266,
#2267,#2268,#2269,#2270),.UNSPECIFIED.,.F.,.F.)
B_SPLINE_CURVE_WITH_KNOTS((4,3,3,3,3,3,3,3,3,3,3,3,3,3,3,3,4),(0.661215874091894,
4.07901508627047,4.91976064216781,5.36385861021559,5.48894928439649,5.55149462148694,
5.61403995857739,5.67521588345626,5.73639180833513,5.79756773321399,5.85874365809286,
6.26508559916171,6.46825656969613,6.67142754023055,7.07570161741752,7.47997569460449,
8.23076849104114),.UNSPECIFIED.)
CURVE()
GEOMETRIC_REPRESENTATION_ITEM()
RATIONAL_B_SPLINE_CURVE((1.,1.,0.999999999999999,0.999999999999999,0.999999999999999,
0.999999999999999,0.999999999999999,1.,1.,1.,0.999999999999999,0.999999999999999,
0.999999999999999,0.999999999999999,1.,1.,1.,1.,1.,1.,1.,1.,1.,1.,1.,1.,
1.,1.,1.,1.,1.,1.,0.999999999999999,1.,1.,1.,1.,1.,1.,1.,0.999999999999999,
0.999999999999999,1.,1.,1.,1.,1.,1.,1.))
REPRESENTATION_ITEM('')
);
#447=(
BOUNDED_CURVE()
B_SPLINE_CURVE(3,(#2291,#2292,#2293,#2294,#2295,#2296,#2297,#2298,#2299,
#2300,#2301,#2302,#2303,#2304,#2305,#2306,#2307,#2308,#2309,#2310,#2311),
 .UNSPECIFIED.,.F.,.F.)
B_SPLINE_CURVE_WITH_KNOTS((4,1,1,3,1,1,1,1,1,1,1,1,1,1,1,1,4),(0.661215874091543,
4.07901508627048,4.91976064216776,5.36385861021559,5.48894928439649,5.55149462148694,
5.61403995857739,5.67521588345627,5.73639180833515,5.79756773321402,5.8587436580929,
6.26508559916174,6.46825656969616,6.67142754023058,7.07570161741755,7.47997569460451,
8.23076849104116),.UNSPECIFIED.)
CURVE()
GEOMETRIC_REPRESENTATION_ITEM()
RATIONAL_B_SPLINE_CURVE((1.,1.,0.999999999999999,0.999999999999999,1.,1.,
1.,0.999999999999999,1.,1.,0.999999999999999,1.,1.,1.,0.999999999999999,
1.,0.999999999999999,1.,0.999999999999999,1.,1.))
REPRESENTATION_ITEM('')
);
#448=(
BOUNDED_CURVE()
B_SPLINE_CURVE(3,(#2673,#2674,#2675,#2676,#2677,#2678,#2679,#2680,#2681,
#2682,#2683),.UNSPECIFIED.,.F.,.F.)
B_SPLINE_CURVE_WITH_KNOTS((4,3,3,1,4),(24.9868312593233,39.3798048166383,
40.4984735124164,47.2597795122486,54.5799011718602),.UNSPECIFIED.)
CURVE()
GEOMETRIC_REPRESENTATION_ITEM()
RATIONAL_B_SPLINE_CURVE((1.,1.,1.,1.,0.898405672329977,0.898405672329977,
1.,1.,1.,1.,1.))
REPRESENTATION_ITEM('')
);
#449=(
BOUNDED_CURVE()
B_SPLINE_CURVE(2,(#2684,#2685,#2686,#2687,#2688),.UNSPECIFIED.,.F.,.F.)
B_SPLINE_CURVE_WITH_KNOTS((3,2,3),(0.,13.5521225076763,27.1042450153527),
 .UNSPECIFIED.)
CURVE()
GEOMETRIC_REPRESENTATION_ITEM()
RATIONAL_B_SPLINE_CURVE((1.,0.707106781186548,1.,0.707106781186548,1.))
REPRESENTATION_ITEM('')
);
#450=(
BOUNDED_CURVE()
B_SPLINE_CURVE(3,(#2689,#2690,#2691,#2692,#2693,#2694,#2695,#2696,#2697,
#2698,#2699),.UNSPECIFIED.,.F.,.F.)
B_SPLINE_CURVE_WITH_KNOTS((4,3,3,1,4),(24.9868312593233,39.3798048166383,
40.4984735124164,47.2597795122486,54.5799011718602),.UNSPECIFIED.)
CURVE()
GEOMETRIC_REPRESENTATION_ITEM()
RATIONAL_B_SPLINE_CURVE((1.,1.,1.,1.,0.898405672329977,0.898405672329977,
1.,1.,1.,1.,1.))
REPRESENTATION_ITEM('')
);
#451=(
BOUNDED_CURVE()
B_SPLINE_CURVE(2,(#2700,#2701,#2702,#2703,#2704),.UNSPECIFIED.,.F.,.F.)
B_SPLINE_CURVE_WITH_KNOTS((3,2,3),(27.1042450153527,40.656367523029,54.2084900307054),
 .UNSPECIFIED.)
CURVE()
GEOMETRIC_REPRESENTATION_ITEM()
RATIONAL_B_SPLINE_CURVE((1.,0.707106781186548,1.,0.707106781186548,1.))
REPRESENTATION_ITEM('')
);
#452=(
BOUNDED_CURVE()
B_SPLINE_CURVE(3,(#2718,#2719,#2720,#2721,#2722,#2723,#2724,#2725,#2726,
#2727,#2728,#2729,#2730,#2731,#2732,#2733,#2734,#2735,#2736,#2737,#2738,
#2739,#2740),.UNSPECIFIED.,.F.,.F.)
B_SPLINE_CURVE_WITH_KNOTS((4,1,1,1,3,1,1,1,3,3,3,1,4),(0.,5.68772504746223,
11.3754500949245,17.0631751423867,22.7509001898489,23.3098829572175,23.8688657245861,
24.4278484919547,24.9868312593233,39.3798048166383,40.4984735124164,47.2597795122486,
54.5799011718602),.UNSPECIFIED.)
CURVE()
GEOMETRIC_REPRESENTATION_ITEM()
RATIONAL_B_SPLINE_CURVE((1.,1.,1.,1.,1.,1.,1.,1.,1.,1.,1.,1.,1.,1.,1.,1.,
0.898405672329977,0.898405672329977,1.,1.,1.,1.,1.))
REPRESENTATION_ITEM('')
);
#453=VERTEX_POINT('',#930);
#454=VERTEX_POINT('',#931);
#455=VERTEX_POINT('',#932);
#456=VERTEX_POINT('',#933);
#457=VERTEX_POINT('',#934);
#458=VERTEX_POINT('',#935);
#459=VERTEX_POINT('',#936);
#460=VERTEX_POINT('',#937);
#461=VERTEX_POINT('',#1336);
#462=VERTEX_POINT('',#1337);
#463=VERTEX_POINT('',#1338);
#464=VERTEX_POINT('',#1339);
#465=VERTEX_POINT('',#1340);
#466=VERTEX_POINT('',#1341);
#467=VERTEX_POINT('',#1342);
#468=VERTEX_POINT('',#1343);
#469=VERTEX_POINT('',#1742);
#470=VERTEX_POINT('',#1743);
#471=VERTEX_POINT('',#1744);
#472=VERTEX_POINT('',#1745);
#473=VERTEX_POINT('',#1746);
#474=VERTEX_POINT('',#1747);
#475=VERTEX_POINT('',#1748);
#476=VERTEX_POINT('',#1749);
#477=VERTEX_POINT('',#2148);
#478=VERTEX_POINT('',#2149);
#479=VERTEX_POINT('',#2150);
#480=VERTEX_POINT('',#2151);
#481=VERTEX_POINT('',#2152);
#482=VERTEX_POINT('',#2153);
#483=VERTEX_POINT('',#2154);
#484=VERTEX_POINT('',#2155);
#485=VERTEX_POINT('',#2346);
#486=VERTEX_POINT('',#2347);
#487=VERTEX_POINT('',#2348);
#488=VERTEX_POINT('',#2349);
#489=VERTEX_POINT('',#2350);
#490=VERTEX_POINT('',#2351);
#491=VERTEX_POINT('',#2352);
#492=VERTEX_POINT('',#2353);
#493=VERTEX_POINT('',#2384);
#494=VERTEX_POINT('',#2385);
#495=VERTEX_POINT('',#2386);
#496=VERTEX_POINT('',#2387);
#497=VERTEX_POINT('',#2388);
#498=VERTEX_POINT('',#2389);
#499=VERTEX_POINT('',#2390);
#500=VERTEX_POINT('',#2391);
#501=VERTEX_POINT('',#2656);
#502=VERTEX_POINT('',#2657);
#503=VERTEX_POINT('',#2658);
#504=VERTEX_POINT('',#2659);
#505=(
BOUNDED_SURFACE()
B_SPLINE_SURFACE(3,2,((#732,#733,#734),(#735,#736,#737),(#738,#739,#740),
(#741,#742,#743),(#744,#745,#746),(#747,#748,#749),(#750,#751,#752),(#753,
#754,#755),(#756,#757,#758),(#759,#760,#761),(#762,#763,#764),(#765,#766,
#767),(#768,#769,#770),(#771,#772,#773),(#774,#775,#776),(#777,#778,#779),
(#780,#781,#782),(#783,#784,#785),(#786,#787,#788),(#789,#790,#791),(#792,
#793,#794),(#795,#796,#797),(#798,#799,#800),(#801,#802,#803),(#804,#805,
#806),(#807,#808,#809),(#810,#811,#812),(#813,#814,#815),(#816,#817,#818),
(#819,#820,#821),(#822,#823,#824),(#825,#826,#827),(#828,#829,#830)),
 .UNSPECIFIED.,.F.,.F.,.F.)
B_SPLINE_SURFACE_WITH_KNOTS((4,3,3,1,1,3,1,1,1,1,1,1,1,1,1,1,1,1,3,3,4),
(3,3),(-2.497608732249,-1.37233373195279,0.0428828539686273,4.07901508627047,
4.91976064216781,5.36385861021559,5.48894928439649,5.55149462148694,5.61403995857739,
5.67521588345626,5.73639180833513,5.79756773321399,5.85874365809286,6.26508559916171,
6.46825656969613,6.67142754023055,7.07570161741752,7.47997569460449,8.28852384897842,
8.60458490762095,10.7610293125333),(0.,1.),.UNSPECIFIED.)
GEOMETRIC_REPRESENTATION_ITEM()
RATIONAL_B_SPLINE_SURFACE(((1.,0.707106781179794,1.),(1.,0.707106780111872,
1.),(1.,0.707106783311811,1.),(1.,0.707106779569468,1.),(1.,0.707106783327707,
1.),(1.,0.70710678005383,1.),(1.,0.707106781186579,1.),(0.999999999999999,
0.707106781167532,0.999999999999999),(0.999999999999999,0.707106781221339,
0.999999999999999),(0.999999999999999,0.707106781148545,0.999999999999999),
(1.,0.707106781281413,1.),(1.,0.707106780451873,1.),(0.999999999999999,
0.707106781686594,0.999999999999999),(0.999999999999999,0.707106780929264,
0.999999999999999),(1.,0.7071067809924,1.),(1.,0.7071067811606,1.),(0.999999999999999,
0.707106780654204,0.999999999999999),(1.,0.707106781506884,1.),(1.,0.707106781073564,
1.),(1.,0.707106779785759,1.),(0.999999999999999,0.707106781867907,0.999999999999999),
(1.,0.707106780841038,1.),(0.999999999999999,0.707106781357495,0.999999999999999),
(1.,0.707106781078027,1.),(1.,0.70710678127115,1.),(1.,0.707106781137142,
1.),(1.,0.707106781186507,1.),(1.,0.707106778101695,1.),(1.,0.707106784601012,
1.),(1.,0.707106778102408,1.),(0.999999999999999,0.707106784622584,0.999999999999999),
(1.,0.707106779297221,1.),(1.,0.707106781121202,1.)))
REPRESENTATION_ITEM('')
SURFACE()
);
#506=(
BOUNDED_SURFACE()
B_SPLINE_SURFACE(2,3,((#831,#832,#833,#834,#835,#836,#837,#838,#839,#840,
#841,#842,#843,#844,#845,#846,#847,#848,#849,#850,#851,#852,#853,#854,#855,
#856,#857,#858,#859,#860,#861,#862,#863),(#864,#865,#866,#867,#868,#869,
#870,#871,#872,#873,#874,#875,#876,#877,#878,#879,#880,#881,#882,#883,#884,
#885,#886,#887,#888,#889,#890,#891,#892,#893,#894,#895,#896),(#897,#898,
#899,#900,#901,#902,#903,#904,#905,#906,#907,#908,#909,#910,#911,#912,#913,
#914,#915,#916,#917,#918,#919,#920,#921,#922,#923,#924,#925,#926,#927,#928,
#929)),.UNSPECIFIED.,.F.,.F.,.F.)
B_SPLINE_SURFACE_WITH_KNOTS((3,3),(4,3,3,1,1,3,1,1,1,1,1,1,1,1,1,1,1,1,
3,3,4),(0.,1.),(-2.49760873224897,-1.37233373195277,0.0428828539686276,
4.07901508627048,4.91976064216776,5.36385861021559,5.48894928439649,5.55149462148694,
5.61403995857739,5.67521588345627,5.73639180833515,5.79756773321402,5.8587436580929,
6.26508559916174,6.46825656969616,6.67142754023058,7.07570161741755,7.47997569460451,
8.28852384897845,8.60458490762099,10.7610293125333),.UNSPECIFIED.)
GEOMETRIC_REPRESENTATION_ITEM()
RATIONAL_B_SPLINE_SURFACE(((1.,1.,1.,1.,0.999999999999999,1.,1.,1.,0.999999999999999,
0.999999999999999,1.,1.,1.,0.999999999999999,1.,1.,0.999999999999999,1.,
1.,1.,0.999999999999999,1.,0.999999999999999,1.,0.999999999999999,1.,1.,
1.,1.,1.,1.,1.,1.),(0.707106781179819,0.707106780111821,0.707106783311911,
0.707106779569456,0.707106783327687,0.70710678005383,0.707106781186563,
0.707106781167562,0.707106781221321,0.707106781148554,0.707106781281404,
0.707106780451873,0.707106781686589,0.70710678092928,0.707106780992382,
0.707106781160615,0.707106780654162,0.707106781506907,0.707106781073568,
0.707106779785795,0.707106781867891,0.707106780841074,0.707106781357437,
0.707106781078102,0.707106781271006,0.707106781137259,0.707106781186508,
0.707106778101667,0.707106784601042,0.707106778102408,0.70710678462257,
0.707106779297291,0.707106781121203),(1.,1.,1.,1.,0.999999999999999,1.,
1.,1.,0.999999999999999,0.999999999999999,1.,1.,1.,0.999999999999999,1.,
1.,0.999999999999999,1.,1.,1.,0.999999999999999,1.,0.999999999999999,1.,
0.999999999999999,1.,1.,1.,1.,1.,1.,1.,1.)))
REPRESENTATION_ITEM('')
SURFACE()
);
#507=(
BOUNDED_SURFACE()
B_SPLINE_SURFACE(2,3,((#1138,#1139,#1140,#1141,#1142,#1143,#1144,#1145,
#1146,#1147,#1148,#1149,#1150,#1151,#1152,#1153,#1154,#1155,#1156,#1157,
#1158,#1159,#1160,#1161,#1162,#1163,#1164,#1165,#1166,#1167,#1168,#1169,
#1170),(#1171,#1172,#1173,#1174,#1175,#1176,#1177,#1178,#1179,#1180,#1181,
#1182,#1183,#1184,#1185,#1186,#1187,#1188,#1189,#1190,#1191,#1192,#1193,
#1194,#1195,#1196,#1197,#1198,#1199,#1200,#1201,#1202,#1203),(#1204,#1205,
#1206,#1207,#1208,#1209,#1210,#1211,#1212,#1213,#1214,#1215,#1216,#1217,
#1218,#1219,#1220,#1221,#1222,#1223,#1224,#1225,#1226,#1227,#1228,#1229,
#1230,#1231,#1232,#1233,#1234,#1235,#1236)),.UNSPECIFIED.,.F.,.F.,.F.)
B_SPLINE_SURFACE_WITH_KNOTS((3,3),(4,3,3,1,1,3,1,1,1,1,1,1,1,1,1,1,1,1,
3,3,4),(0.,1.),(-2.497608732249,-1.37233373195279,0.0428828539686273,4.07901508627047,
4.91976064216781,5.36385861021559,5.48894928439649,5.55149462148694,5.61403995857739,
5.67521588345626,5.73639180833513,5.79756773321399,5.85874365809286,6.26508559916171,
6.46825656969613,6.67142754023055,7.07570161741752,7.47997569460449,8.28852384897842,
8.60458490762095,10.7610293125333),.UNSPECIFIED.)
GEOMETRIC_REPRESENTATION_ITEM()
RATIONAL_B_SPLINE_SURFACE(((1.,1.,1.,1.,1.,1.,1.,0.999999999999999,0.999999999999999,
0.999999999999999,1.,1.,0.999999999999999,0.999999999999999,1.,1.,0.999999999999999,
1.,1.,1.,0.999999999999999,1.,0.999999999999999,1.,1.,1.,1.,1.,1.,1.,0.999999999999999,
1.,1.),(0.707106781179794,0.707106780111872,0.707106783311811,0.707106779569468,
0.707106783327707,0.70710678005383,0.707106781186579,0.707106781167532,
0.707106781221339,0.707106781148545,0.707106781281413,0.707106780451873,
0.707106781686594,0.707106780929264,0.7071067809924,0.7071067811606,0.707106780654204,
0.707106781506884,0.707106781073564,0.707106779785759,0.707106781867907,
0.707106780841038,0.707106781357495,0.707106781078027,0.70710678127115,
0.707106781137142,0.707106781186507,0.707106778101695,0.707106784601012,
0.707106778102408,0.707106784622584,0.707106779297221,0.707106781121202),
(1.,1.,1.,1.,1.,1.,1.,0.999999999999999,0.999999999999999,0.999999999999999,
1.,1.,0.999999999999999,0.999999999999999,1.,1.,0.999999999999999,1.,1.,
1.,0.999999999999999,1.,0.999999999999999,1.,1.,1.,1.,1.,1.,1.,0.999999999999999,
1.,1.)))
REPRESENTATION_ITEM('')
SURFACE()
);
#508=(
BOUNDED_SURFACE()
B_SPLINE_SURFACE(3,2,((#1237,#1238,#1239),(#1240,#1241,#1242),(#1243,#1244,
#1245),(#1246,#1247,#1248),(#1249,#1250,#1251),(#1252,#1253,#1254),(#1255,
#1256,#1257),(#1258,#1259,#1260),(#1261,#1262,#1263),(#1264,#1265,#1266),
(#1267,#1268,#1269),(#1270,#1271,#1272),(#1273,#1274,#1275),(#1276,#1277,
#1278),(#1279,#1280,#1281),(#1282,#1283,#1284),(#1285,#1286,#1287),(#1288,
#1289,#1290),(#1291,#1292,#1293),(#1294,#1295,#1296),(#1297,#1298,#1299),
(#1300,#1301,#1302),(#1303,#1304,#1305),(#1306,#1307,#1308),(#1309,#1310,
#1311),(#1312,#1313,#1314),(#1315,#1316,#1317),(#1318,#1319,#1320),(#1321,
#1322,#1323),(#1324,#1325,#1326),(#1327,#1328,#1329),(#1330,#1331,#1332),
(#1333,#1334,#1335)),.UNSPECIFIED.,.F.,.F.,.F.)
B_SPLINE_SURFACE_WITH_KNOTS((4,3,3,1,1,3,1,1,1,1,1,1,1,1,1,1,1,1,3,3,4),
(3,3),(-2.49760873224897,-1.37233373195277,0.0428828539686276,4.07901508627048,
4.91976064216776,5.36385861021559,5.48894928439649,5.55149462148694,5.61403995857739,
5.67521588345627,5.73639180833515,5.79756773321402,5.8587436580929,6.26508559916174,
6.46825656969616,6.67142754023058,7.07570161741755,7.47997569460451,8.28852384897845,
8.60458490762099,10.7610293125333),(0.,1.),.UNSPECIFIED.)
GEOMETRIC_REPRESENTATION_ITEM()
RATIONAL_B_SPLINE_SURFACE(((1.,0.707106781179819,1.),(1.,0.707106780111821,
1.),(1.,0.707106783311911,1.),(1.,0.707106779569456,1.),(0.999999999999999,
0.707106783327687,0.999999999999999),(1.,0.70710678005383,1.),(1.,0.707106781186563,
1.),(1.,0.707106781167562,1.),(0.999999999999999,0.707106781221321,0.999999999999999),
(0.999999999999999,0.707106781148554,0.999999999999999),(1.,0.707106781281404,
1.),(1.,0.707106780451873,1.),(1.,0.707106781686589,1.),(0.999999999999999,
0.70710678092928,0.999999999999999),(1.,0.707106780992382,1.),(1.,0.707106781160615,
1.),(0.999999999999999,0.707106780654162,0.999999999999999),(1.,0.707106781506907,
1.),(1.,0.707106781073568,1.),(1.,0.707106779785795,1.),(0.999999999999999,
0.707106781867891,0.999999999999999),(1.,0.707106780841074,1.),(0.999999999999999,
0.707106781357437,0.999999999999999),(1.,0.707106781078102,1.),(0.999999999999999,
0.707106781271006,0.999999999999999),(1.,0.707106781137259,1.),(1.,0.707106781186508,
1.),(1.,0.707106778101667,1.),(1.,0.707106784601042,1.),(1.,0.707106778102408,
1.),(1.,0.70710678462257,1.),(1.,0.707106779297291,1.),(1.,0.707106781121203,
1.)))
REPRESENTATION_ITEM('')
SURFACE()
);
#509=(
BOUNDED_SURFACE()
B_SPLINE_SURFACE(3,2,((#1544,#1545,#1546),(#1547,#1548,#1549),(#1550,#1551,
#1552),(#1553,#1554,#1555),(#1556,#1557,#1558),(#1559,#1560,#1561),(#1562,
#1563,#1564),(#1565,#1566,#1567),(#1568,#1569,#1570),(#1571,#1572,#1573),
(#1574,#1575,#1576),(#1577,#1578,#1579),(#1580,#1581,#1582),(#1583,#1584,
#1585),(#1586,#1587,#1588),(#1589,#1590,#1591),(#1592,#1593,#1594),(#1595,
#1596,#1597),(#1598,#1599,#1600),(#1601,#1602,#1603),(#1604,#1605,#1606),
(#1607,#1608,#1609),(#1610,#1611,#1612),(#1613,#1614,#1615),(#1616,#1617,
#1618),(#1619,#1620,#1621),(#1622,#1623,#1624),(#1625,#1626,#1627),(#1628,
#1629,#1630),(#1631,#1632,#1633),(#1634,#1635,#1636),(#1637,#1638,#1639),
(#1640,#1641,#1642)),.UNSPECIFIED.,.F.,.F.,.F.)
B_SPLINE_SURFACE_WITH_KNOTS((4,3,3,1,1,3,1,1,1,1,1,1,1,1,1,1,1,1,3,3,4),
(3,3),(-2.497608732249,-1.37233373195279,0.0428828539686273,4.07901508627047,
4.91976064216781,5.36385861021559,5.48894928439649,5.55149462148694,5.61403995857739,
5.67521588345626,5.73639180833513,5.79756773321399,5.85874365809286,6.26508559916171,
6.46825656969613,6.67142754023055,7.07570161741752,7.47997569460449,8.28852384897842,
8.60458490762095,10.7610293125333),(0.,1.),.UNSPECIFIED.)
GEOMETRIC_REPRESENTATION_ITEM()
RATIONAL_B_SPLINE_SURFACE(((1.,0.707106781179794,1.),(1.,0.707106780111872,
1.),(1.,0.707106783311811,1.),(1.,0.707106779569468,1.),(1.,0.707106783327707,
1.),(1.,0.70710678005383,1.),(1.,0.707106781186579,1.),(0.999999999999999,
0.707106781167532,0.999999999999999),(0.999999999999999,0.707106781221339,
0.999999999999999),(0.999999999999999,0.707106781148545,0.999999999999999),
(1.,0.707106781281413,1.),(1.,0.707106780451873,1.),(0.999999999999999,
0.707106781686594,0.999999999999999),(0.999999999999999,0.707106780929264,
0.999999999999999),(1.,0.7071067809924,1.),(1.,0.7071067811606,1.),(0.999999999999999,
